COLUMN 1 - Plot 0	COLUMN 4 - Plot 0
-20	-1.93E-09
-19.8	-1.62E-09
-19.6	-1.43E-09
-19.4	-1.29E-09
-19.2	-1.17E-09
-19	-1.07E-09
-18.8	-9.85E-10
-18.6	-9.11E-10
-18.4	-8.49E-10
-18.2	-8.00E-10
-18	-7.55E-10
-17.8	-7.14E-10
-17.6	-6.77E-10
-17.4	-6.40E-10
-17.2	-6.05E-10
-17	-5.69E-10
-16.8	-5.35E-10
-16.6	-5.01E-10
-16.4	-4.67E-10
-16.2	-4.34E-10
-16	-4.00E-10
-15.8	-3.76E-10
-15.6	-3.31E-10
-15.4	-2.98E-10
-15.2	-2.67E-10
-15	-2.39E-10
-14.8	-2.12E-10
-14.6	-1.87E-10
-14.4	-1.65E-10
-14.2	-1.45E-10
-14	-1.27E-10
-13.8	-1.11E-10
-13.6	-9.67E-11
-13.4	-8.52E-11
-13.2	-7.47E-11
-13	-6.40E-11
-12.8	-5.68E-11
-12.6	-4.83E-11
-12.4	-4.32E-11
-12.2	-3.78E-11
-12	-3.16E-11
-11.8	-2.83E-11
-11.6	-2.47E-11
-11.4	-1.98E-11
-11.2	-1.80E-11
-11	-1.44E-11
-10.8	-1.32E-11
-10.6	-1.11E-11
-10.4	-7.76E-12
-10.2	-6.71E-12
-10	-4.86E-12
-9.8	-1.96E-12
-9.6	-1.13E-12
-9.4	1.58E-12
-9.2	2.67E-12
-9	4.59E-12
-8.8	7.04E-12
-8.6	8.40E-12
-8.4	1.02E-11
-8.2	1.29E-11
-8	1.42E-11
-7.8	1.65E-11
-7.6	1.80E-11
-7.4	1.45E-12
-7.2	1.50E-11
-7	1.89E-11
-6.8	2.21E-11
-6.6	2.36E-11
-6.4	2.56E-11
-6.2	2.79E-11
-6	2.91E-11
-5.8	3.06E-11
-5.6	3.27E-11
-5.4	3.36E-11
-5.2	3.54E-11
-5	3.64E-11
-4.8	3.77E-11
-4.6	3.91E-11
-4.4	4.00E-11
-4.2	4.13E-11
-4	4.27E-11
-3.8	4.35E-11
-3.6	4.49E-11
-3.4	4.56E-11
-3.2	4.67E-11
-3	4.81E-11
-2.8	4.87E-11
-2.6	4.97E-11
-2.4	5.06E-11
-2.2	5.11E-11
-2	5.22E-11
-1.8	5.29E-11
-1.6	5.38E-11
-1.4	5.45E-11
-1.2	5.51E-11
-1	5.56E-11
-0.8	5.66E-11
-0.6	5.73E-11
-0.4	5.83E-11
-0.2	5.88E-11
0	6.00E-11
0.2	6.01E-11
0.4	6.08E-11
0.6	6.17E-11
0.8	6.20E-11
1	6.29E-11
1.2	6.34E-11
1.4	6.39E-11
1.6	6.49E-11
1.8	6.55E-11
2	6.61E-11
2.2	6.68E-11
2.4	6.70E-11
2.6	6.78E-11
2.8	6.89E-11
3	6.92E-11
3.2	7.01E-11
3.4	7.05E-11
3.6	7.11E-11
3.8	7.23E-11
4	7.20E-11
4.2	7.23E-11
4.4	5.78E-11
4.6	5.29E-11
4.8	5.20E-11
5	5.00E-11
5.2	4.99E-11
5.4	4.80E-11
5.6	4.84E-11
5.8	4.68E-11
6	4.87E-11
6.2	4.65E-11
6.4	4.75E-11
6.6	4.64E-11
6.8	4.76E-11
7	4.70E-11
7.2	4.84E-11
7.4	4.74E-11
7.6	4.82E-11
7.8	4.70E-11
8	4.76E-11
8.2	4.72E-11
8.4	4.80E-11
8.6	4.81E-11
8.8	4.93E-11
9	4.85E-11
9.2	4.93E-11
9.4	4.94E-11
9.6	5.00E-11
9.8	4.98E-11
10	5.13E-11
10.2	5.05E-11
10.4	5.10E-11
10.6	5.05E-11
10.8	5.17E-11
11	5.13E-11
11.2	5.29E-11
11.4	5.11E-11
11.6	5.24E-11
11.8	5.27E-11
12	5.39E-11
12.2	5.32E-11
12.4	5.45E-11
12.6	5.40E-11
12.8	5.54E-11
13	5.49E-11
13.2	5.60E-11
13.4	5.53E-11
13.6	5.63E-11
13.8	5.59E-11
14	5.70E-11
14.2	5.67E-11
14.4	5.80E-11
14.6	5.75E-11
14.8	5.85E-11
15	5.88E-11
15.2	5.92E-11
15.4	5.88E-11
15.6	6.00E-11
15.8	5.94E-11
16	6.06E-11
16.2	5.97E-11
16.4	6.13E-11
16.6	6.07E-11
16.8	6.20E-11
17	6.16E-11
17.2	6.27E-11
17.4	6.21E-11
17.6	6.31E-11
17.8	6.28E-11
18	6.39E-11
18.2	6.39E-11
18.4	6.47E-11
18.6	6.39E-11
18.8	6.48E-11
19	6.46E-11
19.2	6.58E-11
19.4	6.54E-11
19.6	6.65E-11
19.8	6.61E-11
20	6.72E-11
20	6.18E-11
19.8	4.73E-11
19.6	3.89E-11
19.4	3.33E-11
19.2	2.81E-11
19	2.47E-11
18.8	2.05E-11
18.6	1.80E-11
18.4	1.49E-11
18.2	1.32E-11
18	1.01E-11
17.8	8.96E-12
17.6	6.09E-12
17.4	5.26E-12
17.2	2.71E-12
17	1.95E-12
16.8	-8.00E-14
16.6	-5.00E-13
16.4	-2.28E-12
16.2	-2.80E-12
16	-4.69E-12
15.8	-5.07E-12
15.6	-6.47E-12
15.4	-6.90E-12
15.2	-8.30E-12
15	-8.52E-12
14.8	-9.95E-12
14.6	-1.01E-11
14.4	-1.14E-11
14.2	-1.14E-11
14	-1.25E-11
13.8	-1.26E-11
13.6	-1.38E-11
13.4	-1.41E-11
13.2	-1.53E-11
13	-1.49E-11
12.8	-1.60E-11
12.6	-1.62E-11
12.4	-1.71E-11
12.2	-1.70E-11
12	-1.79E-11
11.8	-1.76E-11
11.6	-1.86E-11
11.4	-1.85E-11
11.2	-1.96E-11
11	-1.91E-11
10.8	-2.04E-11
10.6	-2.03E-11
10.4	-2.10E-11
10.2	-2.06E-11
10	-2.16E-11
9.8	-2.11E-11
9.6	-2.24E-11
9.4	-2.22E-11
9.2	-2.32E-11
9	-2.23E-11
8.8	-2.34E-11
8.6	-2.32E-11
8.4	-2.39E-11
8.2	-2.38E-11
8	-2.47E-11
7.8	-2.47E-11
7.6	-2.53E-11
7.4	-2.48E-11
7.2	-2.54E-11
7	-2.53E-11
6.8	-2.58E-11
6.6	-2.56E-11
6.4	-2.64E-11
6.2	-2.63E-11
6	-2.69E-11
5.8	-2.64E-11
5.6	-2.89E-11
5.4	-2.81E-11
5.2	-4.09E-11
5	-3.09E-11
4.8	-4.37E-11
4.6	-3.47E-11
4.4	-4.55E-11
4.2	-3.38E-11
4	-4.65E-11
3.8	-5.04E-11
3.6	-3.65E-11
3.4	-4.89E-11
3.2	-5.21E-11
3	-3.83E-11
2.8	-4.98E-11
2.6	-5.33E-11
2.4	-3.96E-11
2.2	-5.16E-11
2	-5.48E-11
1.8	-4.10E-11
1.6	-5.24E-11
1.4	-5.58E-11
1.2	-5.71E-11
1	-5.90E-11
0.8	-6.00E-11
0.6	-6.13E-11
0.4	-4.77E-11
0.2	-5.83E-11
0	-6.12E-11
-0.2	-6.29E-11
-0.4	-6.39E-11
-0.6	-6.47E-11
-0.8	-6.61E-11
-1	-6.70E-11
-1.2	-6.81E-11
-1.4	-6.87E-11
-1.6	-6.95E-11
-1.8	-7.15E-11
-2	-7.21E-11
-2.2	-7.44E-11
-2.4	-7.55E-11
-2.6	-7.14E-11
-2.8	-7.75E-11
-3	-8.14E-11
-3.2	-8.34E-11
-3.4	-8.67E-11
-3.6	-9.14E-11
-3.8	-9.41E-11
-4	-9.93E-11
-4.2	-1.03E-10
-4.4	-1.07E-10
-4.6	-1.13E-10
-4.8	-1.17E-10
-5	-1.22E-10
-5.2	-1.29E-10
-5.4	-1.32E-10
-5.6	-1.39E-10
-5.8	-1.42E-10
-6	-1.47E-10
-6.2	-1.53E-10
-6.4	-1.57E-10
-6.6	-1.61E-10
-6.8	-1.67E-10
-7	-1.70E-10
-7.2	-1.75E-10
-7.4	-1.79E-10
-7.6	-1.83E-10
-7.8	-1.89E-10
-8	-1.93E-10
-8.2	-1.97E-10
-8.4	-2.02E-10
-8.6	-2.07E-10
-8.8	-2.12E-10
-9	-2.17E-10
-9.2	-2.20E-10
-9.4	-2.26E-10
-9.6	-2.32E-10
-9.8	-2.38E-10
-10	-2.17E-10
-10.2	-2.39E-10
-10.4	-2.49E-10
-10.6	-2.57E-10
-10.8	-2.66E-10
-11	-2.72E-10
-11.2	-2.80E-10
-11.4	-2.88E-10
-11.6	-2.94E-10
-11.8	-3.02E-10
-12	-3.09E-10
-12.2	-3.18E-10
-12.4	-3.26E-10
-12.6	-3.33E-10
-12.8	-3.41E-10
-13	-3.50E-10
-13.2	-3.57E-10
-13.4	-3.67E-10
-13.6	-3.75E-10
-13.8	-3.83E-10
-14	-3.93E-10
-14.2	-4.01E-10
-14.4	-4.09E-10
-14.6	-4.20E-10
-14.8	-4.29E-10
-15	-4.39E-10
-15.2	-4.50E-10
-15.4	-4.58E-10
-15.6	-4.69E-10
-15.8	-4.79E-10
-16	-4.90E-10
-16.2	-5.01E-10
-16.4	-5.11E-10
-16.6	-5.23E-10
-16.8	-5.34E-10
-17	-5.45E-10
-17.2	-5.57E-10
-17.4	-5.69E-10
-17.6	-5.80E-10
-17.8	-5.93E-10
-18	-6.06E-10
-18.2	-6.18E-10
-18.4	-6.31E-10
-18.6	-6.44E-10
-18.8	-6.58E-10
-19	-6.72E-10
-19.2	-6.85E-10
-19.4	-6.99E-10
-19.6	-7.13E-10
-19.8	-7.28E-10
-20	-7.42E-10
-20	-8.40E-10
-19.8	-7.69E-10
-19.6	-7.21E-10
-19.4	-6.83E-10
-19.2	-6.49E-10
-19	-6.16E-10
-18.8	-5.86E-10
-18.6	-5.56E-10
-18.4	-5.26E-10
-18.2	-4.98E-10
-18	-4.69E-10
-17.8	-4.42E-10
-17.6	-4.14E-10
-17.4	-4.03E-10
-17.2	-3.65E-10
-17	-3.36E-10
-16.8	-3.09E-10
-16.6	-2.85E-10
-16.4	-2.60E-10
-16.2	-2.39E-10
-16	-2.17E-10
-15.8	-1.97E-10
-15.6	-1.79E-10
-15.4	-1.61E-10
-15.2	-1.46E-10
-15	-1.31E-10
-14.8	-1.18E-10
-14.6	-1.06E-10
-14.4	-9.40E-11
-14.2	-8.52E-11
-14	-7.63E-11
-13.8	-6.68E-11
-13.6	-6.11E-11
-13.4	-5.32E-11
-13.2	-4.85E-11
-13	-4.37E-11
-12.8	-3.73E-11
-12.6	-3.41E-11
-12.4	-2.92E-11
-12.2	-2.72E-11
-12	-2.46E-11
-11.8	-1.99E-11
-11.6	-1.87E-11
-11.4	-1.64E-11
-11.2	-1.31E-11
-11	-1.21E-11
-10.8	-8.88E-12
-10.6	-7.60E-12
-10.4	-5.97E-12
-10.2	-3.11E-12
-10	-2.03E-12
-9.8	-2.70E-13
-9.6	-1.84E-11
-9.4	-8.80E-13
-9.2	3.39E-12
-9	5.49E-12
-8.8	7.67E-12
-8.6	1.06E-11
-8.4	1.22E-11
-8.2	1.47E-11
-8	1.62E-11
-7.8	1.81E-11
-7.6	2.02E-11
-7.4	2.16E-11
-7.2	2.36E-11
-7	2.54E-11
-6.8	2.67E-11
-6.6	2.88E-11
-6.4	3.00E-11
-6.2	3.14E-11
-6	3.33E-11
-5.8	3.42E-11
-5.6	3.56E-11
-5.4	3.71E-11
-5.2	3.80E-11
-5	3.98E-11
-4.8	4.03E-11
-4.6	4.15E-11
-4.4	4.31E-11
-4.2	4.38E-11
-4	4.50E-11
-3.8	4.61E-11
-3.6	4.71E-11
-3.4	4.83E-11
-3.2	4.87E-11
-3	4.99E-11
-2.8	5.08E-11
-2.6	5.16E-11
-2.4	5.28E-11
-2.2	5.30E-11
-2	5.38E-11
-1.8	5.49E-11
-1.6	5.53E-11
-1.4	5.64E-11
-1.2	5.76E-11
-1	5.80E-11
-0.8	5.91E-11
-0.6	5.92E-11
-0.4	5.99E-11
-0.2	6.10E-11
0	6.21E-11
0.2	6.26E-11
0.4	6.30E-11
0.6	6.33E-11
0.8	6.44E-11
1	6.47E-11
1.2	6.53E-11
1.4	6.62E-11
1.6	6.64E-11
1.8	6.72E-11
2	6.77E-11
2.2	6.83E-11
2.4	6.94E-11
2.6	6.96E-11
2.8	7.05E-11
3	7.07E-11
3.2	7.13E-11
3.4	7.23E-11
3.6	7.25E-11
3.8	7.30E-11
4	5.83E-11
4.2	5.33E-11
4.4	5.21E-11
4.6	4.99E-11
4.8	4.93E-11
5	4.78E-11
5.2	4.81E-11
5.4	4.69E-11
5.6	4.75E-11
5.8	4.66E-11
6	4.70E-11
6.2	4.61E-11
6.4	4.67E-11
6.6	4.59E-11
6.8	4.69E-11
7	4.62E-11
7.2	4.71E-11
7.4	4.60E-11
7.6	4.70E-11
7.8	4.64E-11
8	4.74E-11
8.2	4.68E-11
8.4	4.86E-11
8.6	4.75E-11
8.8	4.82E-11
9	4.77E-11
9.2	4.85E-11
9.4	4.83E-11
9.6	4.78E-11
9.8	4.78E-11
10	4.91E-11
10.2	4.88E-11
10.4	4.98E-11
10.6	4.94E-11
10.8	5.06E-11
11	5.00E-11
11.2	5.09E-11
11.4	5.05E-11
11.6	5.17E-11
11.8	5.12E-11
12	5.19E-11
12.2	5.15E-11
12.4	5.24E-11
12.6	5.22E-11
12.8	5.29E-11
13	5.27E-11
13.2	5.40E-11
13.4	5.35E-11
13.6	5.44E-11
13.8	5.40E-11
14	5.38E-11
14.2	5.52E-11
14.4	5.51E-11
14.6	5.60E-11
14.8	5.58E-11
15	5.66E-11
15.2	5.64E-11
15.4	5.71E-11
15.6	5.69E-11
15.8	5.80E-11
16	5.77E-11
16.2	5.87E-11
16.4	5.84E-11
16.6	5.95E-11
16.8	5.91E-11
17	6.02E-11
17.2	5.99E-11
17.4	6.05E-11
17.6	6.06E-11
17.8	6.15E-11
18	6.08E-11
18.2	6.22E-11
18.4	6.19E-11
18.6	6.28E-11
18.8	6.27E-11
19	6.37E-11
19.2	6.37E-11
19.4	6.45E-11
19.6	6.40E-11
19.8	6.51E-11
20	6.50E-11
20	6.10E-11
19.8	4.62E-11
19.6	3.87E-11
19.4	3.17E-11
19.2	2.77E-11
19	2.32E-11
18.8	2.01E-11
18.6	1.69E-11
18.4	1.45E-11
18.2	1.16E-11
18	9.94E-12
17.8	7.42E-12
17.6	6.12E-12
17.4	3.80E-12
17.2	2.97E-12
17	1.29E-12
16.8	3.30E-13
16.6	-1.61E-12
16.4	-2.38E-12
16.2	-4.02E-12
16	-4.49E-12
15.8	-5.87E-12
15.6	-6.48E-12
15.4	-7.74E-12
15.2	-8.18E-12
15	-9.81E-12
14.8	-9.45E-12
14.6	-1.09E-11
14.4	-1.09E-11
14.2	-1.24E-11
14	-1.27E-11
13.8	-1.36E-11
13.6	-1.40E-11
13.4	-1.48E-11
13.2	-1.49E-11
13	-1.50E-11
12.8	-1.55E-11
12.6	-1.67E-11
12.4	-1.68E-11
12.2	-1.77E-11
12	-1.74E-11
11.8	-1.85E-11
11.6	-1.82E-11
11.4	-1.94E-11
11.2	-1.96E-11
11	-2.05E-11
10.8	-2.03E-11
10.6	-2.10E-11
10.4	-2.12E-11
10.2	-2.18E-11
10	-2.16E-11
9.8	-2.25E-11
9.6	-2.22E-11
9.4	-2.28E-11
9.2	-2.31E-11
9	-2.35E-11
8.8	-2.35E-11
8.6	-2.42E-11
8.4	-2.38E-11
8.2	-2.47E-11
8	-2.46E-11
7.8	-2.54E-11
7.6	-2.49E-11
7.4	-2.57E-11
7.2	-2.55E-11
7	-2.63E-11
6.8	-2.60E-11
6.6	-2.70E-11
6.4	-2.67E-11
6.2	-2.71E-11
6	-2.70E-11
5.8	-3.97E-11
5.6	-4.41E-11
5.4	-4.62E-11
5.2	-4.85E-11
5	-4.96E-11
4.8	-5.12E-11
4.6	-5.26E-11
4.4	-5.32E-11
4.2	-5.42E-11
4	-5.52E-11
3.8	-5.55E-11
3.6	-5.69E-11
3.4	-5.72E-11
3.2	-5.80E-11
3	-5.86E-11
2.8	-5.93E-11
2.6	-5.97E-11
2.4	-6.07E-11
2.2	-6.12E-11
2	-6.15E-11
1.8	-6.25E-11
1.6	-6.28E-11
1.4	-6.35E-11
1.2	-6.38E-11
1	-6.45E-11
0.8	-6.57E-11
0.6	-6.56E-11
0.4	-6.62E-11
0.2	-6.72E-11
0	-6.71E-11
-0.2	-6.84E-11
-0.4	-6.89E-11
-0.6	-6.93E-11
-0.8	-7.03E-11
-1	-7.06E-11
-1.2	-7.11E-11
-1.4	-7.24E-11
-1.6	-7.30E-11
-1.8	-7.42E-11
-2	-7.49E-11
-2.2	-7.66E-11
-2.4	-7.86E-11
-2.6	-7.97E-11
-2.8	-8.18E-11
-3	-8.44E-11
-3.2	-8.63E-11
-3.4	-8.95E-11
-3.6	-9.36E-11
-3.8	-9.63E-11
-4	-1.01E-10
-4.2	-9.76E-11
-4.4	-1.10E-10
-4.6	-1.16E-10
-4.8	-1.20E-10
-5	-1.25E-10
-5.2	-1.32E-10
-5.4	-1.36E-10
-5.6	-1.42E-10
-5.8	-1.46E-10
-6	-1.51E-10
-6.2	-1.58E-10
-6.4	-1.61E-10
-6.6	-1.66E-10
-6.8	-1.72E-10
-7	-1.76E-10
-7.2	-1.81E-10
-7.4	-1.85E-10
-7.6	-1.90E-10
-7.8	-1.95E-10
-8	-1.99E-10
-8.2	-2.04E-10
-8.4	-2.09E-10
-8.6	-2.13E-10
-8.8	-2.19E-10
-9	-2.24E-10
-9.2	-2.29E-10
-9.4	-2.35E-10
-9.6	-2.40E-10
-9.8	-2.46E-10
-10	-2.52E-10
-10.2	-2.57E-10
-10.4	-2.64E-10
-10.6	-2.69E-10
-10.8	-2.76E-10
-11	-2.75E-10
-11.2	-2.86E-10
-11.4	-2.94E-10
-11.6	-3.02E-10
-11.8	-2.86E-10
-12	-3.07E-10
-12.2	-3.20E-10
-12.4	-3.30E-10
-12.6	-3.39E-10
-12.8	-3.48E-10
-13	-3.57E-10
-13.2	-3.67E-10
-13.4	-3.77E-10
-13.6	-3.85E-10
-13.8	-3.95E-10
-14	-4.06E-10
-14.2	-4.15E-10
-14.4	-4.26E-10
-14.6	-4.35E-10
-14.8	-4.46E-10
-15	-4.57E-10
-15.2	-4.67E-10
-15.4	-4.78E-10
-15.6	-4.89E-10
-15.8	-4.99E-10
-16	-5.12E-10
-16.2	-5.22E-10
-16.4	-5.35E-10
-16.6	-5.46E-10
-16.8	-5.58E-10
-17	-5.71E-10
-17.2	-5.84E-10
-17.4	-5.96E-10
-17.6	-6.09E-10
-17.8	-6.22E-10
-18	-6.36E-10
-18.2	-6.50E-10
-18.4	-6.63E-10
-18.6	-6.77E-10
-18.8	-6.92E-10
-19	-7.06E-10
-19.2	-7.21E-10
-19.4	-7.36E-10
-19.6	-7.51E-10
-19.8	-7.66E-10
-20	-7.82E-10
-20	-8.86E-10
-19.8	-8.18E-10
-19.6	-7.73E-10
-19.4	-7.37E-10
-19.2	-7.04E-10
-19	-6.73E-10
-18.8	-6.43E-10
-18.6	-6.14E-10
-18.4	-5.87E-10
-18.2	-5.59E-10
-18	-5.42E-10
-17.8	-5.06E-10
-17.6	-4.78E-10
-17.4	-4.52E-10
-17.2	-4.26E-10
-17	-4.02E-10
-16.8	-3.77E-10
-16.6	-3.53E-10
-16.4	-3.30E-10
-16.2	-3.06E-10
-16	-2.84E-10
-15.8	-2.62E-10
-15.6	-2.42E-10
-15.4	-2.22E-10
-15.2	-2.03E-10
-15	-1.85E-10
-14.8	-1.69E-10
-14.6	-1.53E-10
-14.4	-1.39E-10
-14.2	-1.25E-10
-14	-1.13E-10
-13.8	-1.02E-10
-13.6	-9.10E-11
-13.4	-8.25E-11
-13.2	-7.42E-11
-13	-6.52E-11
-12.8	-5.94E-11
-12.6	-5.34E-11
-12.4	-4.63E-11
-12.2	-4.25E-11
-12	-3.71E-11
-11.8	-3.42E-11
-11.6	-3.04E-11
-11.4	-2.58E-11
-11.2	-2.42E-11
-11	-2.16E-11
-10.8	-1.78E-11
-10.6	-1.67E-11
-10.4	-4.70E-11
-10.2	-1.60E-11
-10	-1.12E-11
-9.8	-9.54E-12
-9.6	-7.35E-12
-9.4	-4.39E-12
-9.2	-2.96E-12
-9	-7.50E-13
-8.8	1.76E-12
-8.6	3.17E-12
-8.4	5.22E-12
-8.2	7.74E-12
-8	9.09E-12
-7.8	1.11E-11
-7.6	1.34E-11
-7.4	1.46E-11
-7.2	1.67E-11
-7	1.91E-11
-6.8	2.04E-11
-6.6	2.28E-11
-6.4	2.36E-11
-6.2	2.54E-11
-6	2.74E-11
-5.8	2.84E-11
-5.6	3.02E-11
-5.4	3.21E-11
-5.2	3.31E-11
-5	3.45E-11
-4.8	3.63E-11
-4.6	3.71E-11
-4.4	3.80E-11
-4.2	3.99E-11
-4	4.07E-11
-3.8	4.16E-11
-3.6	4.32E-11
-3.4	4.40E-11
-3.2	4.51E-11
-3	4.65E-11
-2.8	4.71E-11
-2.6	4.83E-11
-2.4	4.91E-11
-2.2	4.97E-11
-2	5.13E-11
-1.8	5.17E-11
-1.6	5.24E-11
-1.4	5.35E-11
-1.2	5.42E-11
-1	5.48E-11
-0.8	5.61E-11
-0.6	5.63E-11
-0.4	5.72E-11
-0.2	5.80E-11
0	5.92E-11
0.2	5.97E-11
0.4	6.01E-11
0.6	6.05E-11
0.8	6.18E-11
1	6.22E-11
1.2	6.28E-11
1.4	6.37E-11
1.6	6.41E-11
1.8	6.47E-11
2	6.57E-11
2.2	6.60E-11
2.4	6.65E-11
2.6	6.78E-11
2.8	6.80E-11
3	6.85E-11
3.2	6.92E-11
3.4	6.97E-11
3.6	7.04E-11
3.8	7.10E-11
4	7.13E-11
4.2	7.23E-11
4.4	7.27E-11
4.6	7.30E-11
4.8	6.00E-11
5	5.36E-11
5.2	5.20E-11
5.4	5.01E-11
5.6	4.91E-11
5.8	4.81E-11
6	4.76E-11
6.2	4.70E-11
6.4	4.68E-11
6.6	4.63E-11
6.8	4.63E-11
7	4.62E-11
7.2	4.60E-11
7.4	4.58E-11
7.6	4.64E-11
7.8	4.59E-11
8	4.61E-11
8.2	4.61E-11
8.4	4.65E-11
8.6	4.60E-11
8.8	4.66E-11
9	4.60E-11
9.2	4.66E-11
9.4	4.68E-11
9.6	4.73E-11
9.8	4.36E-11
10	4.60E-11
10.2	4.62E-11
10.4	4.73E-11
10.6	4.73E-11
10.8	4.80E-11
11	4.78E-11
11.2	4.85E-11
11.4	4.82E-11
11.6	4.89E-11
11.8	4.89E-11
12	4.94E-11
12.2	4.91E-11
12.4	4.95E-11
12.6	4.97E-11
12.8	5.07E-11
13	5.03E-11
13.2	5.10E-11
13.4	5.08E-11
13.6	5.18E-11
13.8	5.16E-11
14	5.23E-11
14.2	5.20E-11
14.4	5.33E-11
14.6	5.31E-11
14.8	5.30E-11
15	5.30E-11
15.2	5.39E-11
15.4	5.39E-11
15.6	5.46E-11
15.8	5.46E-11
16	5.59E-11
16.2	5.54E-11
16.4	5.50E-11
16.6	5.57E-11
16.8	5.66E-11
17	5.63E-11
17.2	5.68E-11
17.4	5.66E-11
17.6	5.80E-11
17.8	5.73E-11
18	5.86E-11
18.2	5.83E-11
18.4	5.87E-11
18.6	5.89E-11
18.8	6.00E-11
19	5.97E-11
19.2	6.04E-11
19.4	6.01E-11
19.6	6.09E-11
19.8	6.08E-11
20	6.19E-11
20	5.67E-11
19.8	4.31E-11
19.6	3.54E-11
19.4	3.00E-11
19.2	2.41E-11
19	2.10E-11
18.8	1.78E-11
18.6	1.47E-11
18.4	1.17E-11
18.2	1.01E-11
18	7.35E-12
17.8	6.57E-12
17.6	3.96E-12
17.4	3.31E-12
17.2	2.80E-13
17	-4.00E-14
16.8	-1.81E-12
16.6	-2.61E-12
16.4	-3.87E-12
16.2	-4.70E-12
16	-6.24E-12
15.8	-6.54E-12
15.6	-8.10E-12
15.4	-8.45E-12
15.2	-9.74E-12
15	-9.84E-12
14.8	-1.11E-11
14.6	-1.15E-11
14.4	-1.26E-11
14.2	-1.26E-11
14	-1.40E-11
13.8	-1.41E-11
13.6	-1.51E-11
13.4	-1.52E-11
13.2	-1.62E-11
13	-1.60E-11
12.8	-1.71E-11
12.6	-1.70E-11
12.4	-1.78E-11
12.2	-1.79E-11
12	-1.90E-11
11.8	-1.87E-11
11.6	-1.98E-11
11.4	-1.99E-11
11.2	-2.08E-11
11	-2.04E-11
10.8	-2.11E-11
10.6	-2.12E-11
10.4	-2.16E-11
10.2	-2.17E-11
10	-2.16E-11
9.8	-2.18E-11
9.6	-2.31E-11
9.4	-2.28E-11
9.2	-2.40E-11
9	-2.36E-11
8.8	-2.49E-11
8.6	-2.43E-11
8.4	-2.54E-11
8.2	-2.48E-11
8	-2.56E-11
7.8	-2.54E-11
7.6	-2.63E-11
7.4	-2.60E-11
7.2	-2.67E-11
7	-2.63E-11
6.8	-2.75E-11
6.6	-2.69E-11
6.4	-2.80E-11
6.2	-2.76E-11
6	-2.99E-11
5.8	-2.86E-11
5.6	-4.10E-11
5.4	-4.47E-11
5.2	-4.75E-11
5	-4.99E-11
4.8	-5.07E-11
4.6	-5.27E-11
4.4	-5.36E-11
4.2	-5.47E-11
4	-5.59E-11
3.8	-5.65E-11
3.6	-5.72E-11
3.4	-5.83E-11
3.2	-5.86E-11
3	-5.99E-11
2.8	-6.00E-11
2.6	-6.07E-11
2.4	-6.18E-11
2.2	-6.21E-11
2	-6.27E-11
1.8	-6.39E-11
1.6	-6.39E-11
1.4	-6.48E-11
1.2	-6.52E-11
1	-6.60E-11
0.8	-6.71E-11
0.6	-6.71E-11
0.4	-6.80E-11
0.2	-6.89E-11
0	-6.92E-11
-0.2	-7.07E-11
-0.4	-7.10E-11
-0.6	-7.19E-11
-0.8	-7.27E-11
-1	-7.36E-11
-1.2	-7.45E-11
-1.4	-7.63E-11
-1.6	-7.73E-11
-1.8	-7.97E-11
-2	-8.15E-11
-2.2	-8.31E-11
-2.4	-8.50E-11
-2.6	-8.76E-11
-2.8	-9.08E-11
-3	-9.54E-11
-3.2	-9.73E-11
-3.4	-1.03E-10
-3.6	-1.06E-10
-3.8	-1.11E-10
-4	-1.17E-10
-4.2	-1.21E-10
-4.4	-1.27E-10
-4.6	-1.33E-10
-4.8	-1.37E-10
-5	-1.43E-10
-5.2	-1.39E-10
-5.4	-1.52E-10
-5.6	-1.59E-10
-5.8	-1.63E-10
-6	-1.68E-10
-6.2	-1.74E-10
-6.4	-1.78E-10
-6.6	-1.84E-10
-6.8	-1.88E-10
-7	-1.92E-10
-7.2	-1.98E-10
-7.4	-2.02E-10
-7.6	-2.07E-10
-7.8	-2.13E-10
-8	-2.17E-10
-8.2	-2.23E-10
-8.4	-2.28E-10
-8.6	-2.33E-10
-8.8	-2.38E-10
-9	-2.44E-10
-9.2	-2.50E-10
-9.4	-2.56E-10
-9.6	-2.61E-10
-9.8	-2.69E-10
-10	-2.74E-10
-10.2	-2.81E-10
-10.4	-2.89E-10
-10.6	-2.95E-10
-10.8	-3.02E-10
-11	-3.09E-10
-11.2	-3.17E-10
-11.4	-3.24E-10
-11.6	-3.32E-10
-11.8	-3.33E-10
-12	-3.42E-10
-12.2	-3.47E-10
-12.4	-3.60E-10
-12.6	-3.71E-10
-12.8	-3.61E-10
-13	-3.82E-10
-13.2	-3.95E-10
-13.4	-4.07E-10
-13.6	-4.17E-10
-13.8	-4.29E-10
-14	-4.39E-10
-14.2	-4.51E-10
-14.4	-4.62E-10
-14.6	-4.72E-10
-14.8	-4.84E-10
-15	-4.95E-10
-15.2	-5.07E-10
-15.4	-5.19E-10
-15.6	-5.31E-10
-15.8	-5.42E-10
-16	-5.55E-10
-16.2	-5.67E-10
-16.4	-5.81E-10
-16.6	-5.93E-10
-16.8	-6.05E-10
-17	-6.19E-10
-17.2	-6.32E-10
-17.4	-6.45E-10
-17.6	-6.59E-10
-17.8	-6.74E-10
-18	-6.87E-10
-18.2	-7.03E-10
-18.4	-7.17E-10
-18.6	-7.32E-10
-18.8	-7.47E-10
-19	-7.63E-10
-19.2	-7.78E-10
-19.4	-7.94E-10
-19.6	-8.11E-10
-19.8	-8.28E-10
-20	-8.44E-10
